1695594421.765237,1
1695594421.870149,0
1695594421.974352,0
1695594422.078054,1
1695594422.182167,0
1695594422.286187,0
1695594422.390201,0
1695594422.494297,0
1695594422.597928,0
1695594422.702271,0
1695594422.806088,0
1695594422.910084,0
1695594423.014127,0
1695594423.118113,0
1695594423.222573,0
1695594423.327023,0
1695594423.430949,0
1695594423.535181,0
1695594423.639429,0
1695594423.743231,0
1695594423.847376,0
1695594423.951422,0
1695594424.055427,0
1695594424.159619,0
1695594424.263500,0
1695594424.367744,0
1695594424.471875,0
1695594424.575651,0
1695594424.679209,0
1695594424.783399,0
1695594424.887358,0
1695594424.991266,0
1695594425.095008,0
1695594425.199152,0
1695594425.303121,0
1695594425.407393,0
1695594425.511488,0
1695594425.615376,0
1695594425.719254,0
1695594425.822499,3
1695594425.926500,0
1695594426.030107,0
1695594426.134191,0
1695594426.238110,0
1695594426.342144,0
1695594426.446084,0
1695594426.550176,0
1695594426.654227,0
1695594426.758224,0
1695594426.862902,0
1695594426.966818,0
1695594427.070608,0
1695594427.174172,0
1695594427.278080,0
1695594427.382104,0
1695594427.486128,0
1695594427.590082,0
1695594427.694295,0
1695594427.798063,0
1695594427.902246,0
1695594428.006214,0
1695594428.110239,0
1695594428.214102,0
1695594428.318103,0
1695594428.422156,0
1695594428.526397,0
1695594428.630055,0
1695594428.734079,0
1695594428.838248,0
1695594428.942113,2
1695594429.046063,0
1695594429.149735,0
1695594429.253965,0
1695594429.358099,0
1695594429.462102,0
1695594429.566156,0
1695594429.670197,0
1695594429.774145,0
1695594429.878066,0
1695594429.982063,0
1695594430.086095,0
1695594430.190073,0
1695594430.294091,0
1695594430.398091,0
1695594430.502249,0
1695594430.606093,0
1695594430.710053,0
1695594430.814021,0
1695594430.918476,0
1695594431.022382,0
1695594431.126545,0
1695594431.230434,0
1695594431.334324,0
1695594431.438090,0
1695594431.542075,0
1695594431.646131,0
1695594431.750187,0
1695594431.854528,0
1695594431.958605,0
1695594432.062164,0
1695594432.166167,0
1695594432.270014,0
1695594432.374166,0
1695594432.478239,0
1695594432.582114,0
1695594432.686075,0
1695594432.790089,0
1695594432.894348,0
1695594432.998535,0
1695594433.102562,0
1695594433.206545,0
1695594433.310512,0
1695594433.414981,0
1695594433.519218,0
1695594433.623792,0
1695594433.728392,0
1695594433.832667,0
1695594433.937135,0
1695594434.041296,0
1695594434.145484,0
1695594434.249731,0
1695594434.354123,0
1695594434.458168,0
1695594434.562692,0
1695594434.666576,0
1695594434.770774,0
1695594434.874316,0
1695594434.978081,0
1695594435.082123,0
1695594435.186119,0
1695594435.290093,0
1695594435.394147,0
1695594435.498093,0
1695594435.602232,0
1695594435.706492,0
1695594435.810469,0
1695594435.914579,0
1695594436.018645,0
1695594436.123181,0
1695594436.227552,0
1695594436.331830,0
1695594436.436255,0
1695594436.540832,0
1695594436.645253,0
1695594436.749267,0
1695594436.853525,0
1695594436.958064,0
1695594437.062138,0
1695594437.166076,0
1695594437.270121,0
1695594437.374312,0
1695594437.478159,0
1695594437.582150,0
1695594437.686077,0
1695594437.789967,0
1695594437.894206,0
1695594437.998104,0
1695594438.102075,0
1695594438.205346,0
1695594438.309304,0
1695594438.413573,0
1695594438.517730,0
1695594438.622125,0
1695594438.726232,0
1695594438.830107,0
1695594438.934083,0
1695594439.038079,0
1695594439.142121,0
1695594439.246168,0
1695594439.350077,0
1695594439.454099,0
1695594439.558107,0
1695594439.662134,0
1695594439.765935,0
1695594439.870010,0
1695594439.974089,0
1695594440.078048,0
1695594440.182095,0
1695594440.286095,0
1695594440.390158,0
1695594440.494095,0
1695594440.598094,0
1695594440.702086,0
1695594440.806120,0
1695594440.910115,0
1695594441.014160,0
1695594441.118115,0
1695594441.222409,0
1695594441.326286,3
1695594441.430099,0
1695594441.534085,0
1695594441.638073,0
1695594441.742091,0
1695594441.846445,0
1695594441.950654,0
1695594442.054856,0
1695594442.158801,0
1695594442.262795,0
1695594442.366654,0
1695594442.470435,0
1695594442.574183,0
1695594442.678125,0
1695594442.782105,0
1695594442.886113,0
1695594442.990094,0
1695594443.094081,0
1695594443.198073,0
1695594443.302147,0
1695594443.406099,0
1695594443.510266,0
1695594443.614126,0
1695594443.718263,0
1695594443.829282,0
1695594443.933586,0
1695594444.037747,0
1695594444.142162,0
1695594444.246155,0
1695594444.350170,0
1695594444.454190,1
1695594444.558068,0
1695594444.665367,0
1695594444.769778,0
1695594444.873968,0
1695594444.978474,0
1695594445.082831,0
1695594445.186844,0
1695594445.291348,0
1695594445.395582,0
1695594445.499368,0
1695594445.603678,0
1695594445.707654,0
1695594445.812191,0
1695594445.916653,0
1695594446.021163,0
1695594446.125658,0
1695594446.230044,0
1695594446.334395,0
1695594446.438725,0
1695594446.543180,0
1695594446.647120,0
1695594446.751565,0
1695594446.856287,0
1695594446.961251,0
1695594447.065793,0
1695594447.170337,0
1695594447.274352,0
1695594447.378769,0
1695594447.483127,0
1695594447.587067,0
1695594447.691495,0
1695594447.796199,0
1695594447.900680,0
1695594448.004974,0
1695594448.109790,0
1695594448.214307,0
1695594448.318814,0
1695594448.422839,0
1695594448.527569,0
1695594448.632261,0
1695594448.736960,0
1695594448.841281,0
1695594448.945770,0
1695594449.049451,0
1695594449.154149,0
1695594449.258321,0
1695594449.362547,0
1695594449.466433,0
1695594449.570319,0
1695594449.674399,0
1695594449.778857,0
1695594449.883323,0
1695594449.987572,0
1695594450.091788,0
1695594450.196517,0
1695594450.300913,0
1695594450.405597,0
1695594450.510468,0
1695594450.614198,7
1695594450.718529,0
1695594450.822811,0
1695594450.927229,0
1695594451.031578,0
1695594451.135790,0
1695594451.240317,0
1695594451.344812,0
1695594451.449383,0
1695594451.553841,0
1695594451.658307,0
1695594451.762480,0
1695594451.866602,0
1695594451.971118,0
1695594452.075384,0
1695594452.179435,0
1695594452.283638,0
1695594452.387623,0
1695594452.491634,0
1695594452.596122,0
1695594452.700681,0
1695594452.804901,0
1695594452.909471,0
1695594453.013656,0
1695594453.117975,0
1695594453.222288,0
1695594453.326900,0
1695594453.431743,0
1695594453.535915,0
1695594453.639791,0
1695594453.744161,2
1695594453.849042,0
1695594453.953611,0
1695594454.058114,0
1695594454.162260,0
1695594454.266424,0
1695594454.370723,0
1695594454.474767,0
1695594454.579123,0
1695594454.683480,0
1695594454.787996,0
1695594454.892578,0
1695594454.996979,0
1695594455.101968,0
1695594455.206493,0
1695594455.310912,0
1695594455.415645,0
1695594455.520111,0
1695594455.624412,0
1695594455.729114,0
1695594455.833904,0
1695594455.938312,0
1695594456.042473,0
1695594456.146776,0
1695594456.251320,0
1695594456.355613,0
1695594456.460275,0
1695594456.564567,0
1695594456.669381,0
1695594456.777973,0
1695594456.882304,0
1695594456.986877,0
1695594457.092217,0
1695594457.197111,0
1695594457.301307,0
1695594457.405727,0
1695594457.510380,0
1695594457.614253,0
1695594457.718759,0
1695594457.822890,0
1695594457.927448,0
1695594458.032410,0
1695594458.136877,0
1695594458.241165,0
1695594458.345888,0
1695594458.450274,0
1695594458.554453,0
1695594458.658623,0
1695594458.762782,0
1695594458.866724,0
1695594458.970492,0
1695594459.074360,0
1695594459.178673,0
1695594459.282778,0
1695594459.387037,0
1695594459.491627,0
1695594459.595868,0
1695594459.700337,0
1695594459.805894,0
1695594459.909903,0
1695594460.014309,0
1695594460.118405,0
1695594460.222695,0
1695594460.327151,0
1695594460.431512,0
1695594460.535821,0
1695594460.640445,0
1695594460.745063,0
1695594460.849648,0
1695594460.953933,0
1695594461.058319,0
1695594461.162609,0
1695594461.266806,0
1695594461.370926,0
1695594461.475499,0
1695594461.579500,0
1695594461.683727,0
1695594461.788145,0
1695594461.893571,0
1695594461.998355,0
1695594462.102694,0
1695594462.207261,0
1695594462.311904,0
1695594462.416479,0
1695594462.521213,0
1695594462.625673,0
1695594462.729874,0
1695594462.834597,0
1695594462.938846,0
1695594463.043469,3
1695594463.147518,0
1695594463.252140,0
1695594463.356964,0
1695594463.461556,0
1695594463.565905,0
1695594463.670002,0
1695594463.774083,0
1695594463.878109,0
1695594463.981920,0
1695594464.085975,0
1695594464.189979,0
1695594464.294154,0
1695594464.398081,0
1695594464.502144,0
1695594464.606197,0
1695594464.710111,0
1695594464.814089,0
1695594464.918724,0
1695594465.022686,0
1695594465.126962,0
1695594465.231382,0
1695594465.335761,0
1695594465.439746,0
1695594465.544209,0
1695594465.648776,0
1695594465.753135,0
1695594465.857491,0
1695594465.961297,0
1695594466.065807,0
1695594466.169897,1
1695594466.275413,0
1695594466.379302,0
1695594466.483367,0
1695594466.587733,0
1695594466.691571,0
1695594466.795877,0
1695594466.900480,0
1695594467.004643,0
1695594467.109210,0
1695594467.213566,0
1695594467.317816,0
1695594467.422261,0
1695594467.526574,0
1695594467.630012,0
1695594467.734075,0
1695594467.838195,0
1695594467.942076,0
1695594468.046142,0
1695594468.150079,0
1695594468.254237,0
1695594468.358332,0
1695594468.462642,0
1695594468.566614,0
1695594468.670719,0
1695594468.774755,0
1695594468.878594,0
1695594468.982430,0
1695594469.086624,0
1695594469.190328,0
1695594469.294269,0
1695594469.398085,0
1695594469.502205,0
1695594469.606087,0
1695594469.710071,0
1695594469.814120,0
1695594469.918544,0
1695594470.022670,0
1695594470.126579,0
1695594470.230554,0
1695594470.334565,0
1695594470.438507,0
1695594470.542394,0
1695594470.646548,0
1695594470.750113,0
1695594470.854376,0
1695594470.958497,0
1695594471.062453,0
1695594471.166291,0
1695594471.270110,0
1695594471.374156,0
1695594471.478119,0
1695594471.582074,0
1695594471.686276,0
1695594471.789750,0
1695594471.894243,0
1695594471.998094,0
1695594472.102076,0
1695594472.206015,0
1695594472.309777,0
1695594472.413900,0
1695594472.518071,0
1695594472.622094,0
1695594472.726270,0
1695594472.830171,0
1695594472.934128,0
1695594473.038111,0
1695594473.142094,0
1695594473.246086,0
1695594473.350264,0
1695594473.454188,0
1695594473.558077,0
1695594473.662444,0
1695594473.766701,0
1695594473.871066,0
1695594473.975306,0
1695594474.079221,0
1695594474.183361,0
1695594474.287299,0
1695594474.391661,0
1695594474.496094,0
1695594474.600281,0
1695594474.704683,0
1695594474.808987,0
1695594474.913641,0
1695594475.018039,0
1695594475.121928,0
1695594475.226283,0
1695594475.330720,0
1695594475.434109,3
1695594475.538249,0
1695594475.642182,0
1695594475.746150,0
1695594475.850084,0
1695594475.954123,0
1695594476.058096,0
1695594476.162081,0
1695594476.266073,0
1695594476.370164,0
1695594476.474185,0
1695594476.578606,0
1695594476.682804,0
1695594476.787247,0
1695594476.891844,0
1695594476.996173,0
1695594477.100405,0
1695594477.204767,0
1695594477.309237,0
1695594477.413398,0
1695594477.517293,0
1695594477.621228,0
1695594477.725050,0
1695594477.829328,0
1695594477.933549,0
1695594478.037725,0
1695594478.141980,0
1695594478.246012,0
1695594478.350346,0
1695594478.454170,0
1695594478.558099,1
1695594478.662186,0
1695594478.766082,0
1695594478.870119,0
1695594478.974154,0
1695594479.078316,0
1695594479.182217,0
1695594479.286071,0
1695594479.390106,0
1695594479.494130,0
1695594479.598134,0
1695594479.702110,0
1695594479.806801,0
1695594479.910482,0
1695594480.014406,0
1695594480.118415,0
1695594480.222144,0
1695594480.326090,0
1695594480.430288,0
1695594480.534108,0
1695594480.638095,0
1695594480.742126,0
1695594480.846326,0
1695594480.950070,0
1695594481.054113,0
1695594481.158112,0
1695594481.262068,0
1695594481.365911,0
1695594481.470176,0
1695594481.579189,0
1695594481.683230,0
1695594481.787283,0
1695594481.892149,0
1695594481.996662,0
1695594482.100836,0
1695594482.205206,0
1695594482.309292,0
1695594482.413647,0
1695594482.517921,0
1695594482.622251,0
1695594482.726403,0
1695594482.830861,0
1695594482.934905,0
1695594483.038711,0
1695594483.142862,0
1695594483.246476,0
1695594483.350075,0
1695594483.454128,0
1695594483.558737,0
1695594483.662759,0
1695594483.767151,0
1695594483.872114,0
1695594483.976122,0
1695594484.080524,0
1695594484.184648,0
1695594484.289120,0
1695594484.393601,0
1695594484.498128,0
1695594484.602088,0
1695594484.706039,0
1695594484.810481,0
1695594484.914597,0
1695594485.018479,0
1695594485.122440,0
1695594485.226567,0
1695594485.330574,0
1695594485.434518,0
1695594485.538318,0
1695594485.642538,0
1695594485.746616,0
1695594485.850593,0
1695594485.954509,0
1695594486.058411,0
1695594486.162739,0
1695594486.266624,0
1695594486.370571,0
1695594486.474299,0
1695594486.578602,0
1695594486.682813,0
1695594486.787233,0
1695594486.891400,0
1695594486.995481,0
1695594487.099381,0
1695594487.203588,0
1695594487.307554,0
1695594487.411756,0
1695594487.515749,0
1695594487.619979,0
1695594487.724327,0
1695594487.827707,4
1695594487.932094,0
1695594488.036832,0
1695594488.141151,0
1695594488.245294,0
1695594488.349831,0
1695594488.454077,0
1695594488.558170,0
1695594488.662273,0
1695594488.766206,0
1695594488.870014,0
1695594488.974151,0
1695594489.078195,0
1695594489.182127,0
1695594489.286136,0
1695594489.390091,0
1695594489.494074,0
1695594489.598084,0
1695594489.702126,0
1695594489.806077,0
1695594489.910074,0
1695594490.014118,0
1695594490.118117,0
1695594490.222243,0
1695594490.326397,0
1695594490.430603,0
1695594490.534844,0
1695594490.639000,0
1695594490.742788,0
1695594490.846958,0
1695594490.951005,2
1695594491.055471,0
1695594491.160188,0
1695594491.264740,0
1695594491.369162,0
1695594491.473320,0
1695594491.577842,0
1695594491.682071,0
1695594491.786079,0
1695594491.890092,0
1695594491.994484,0
1695594492.098538,0
1695594492.202621,0
1695594492.306630,0
1695594492.410740,0
1695594492.515295,0
1695594492.619519,0
1695594492.723365,0
1695594492.827689,0
1695594492.932294,0
1695594493.036907,0
1695594493.141311,0
1695594493.245565,0
1695594493.349643,0
1695594493.454205,0
1695594493.558565,0
1695594493.662498,0
1695594493.766418,0
1695594493.870713,0
1695594493.979544,0
1695594494.083567,0
1695594494.188141,0
1695594494.292611,0
1695594494.397036,0
1695594494.501577,0
1695594494.605734,0
1695594494.710138,0
1695594494.814684,0
1695594494.919054,0
1695594495.023266,0
1695594495.127512,0
1695594495.231528,0
1695594495.335994,0
1695594495.440420,0
1695594495.545029,0
1695594495.649178,0
1695594495.753600,0
1695594495.858486,0
1695594495.962566,0
1695594496.066515,0
1695594496.170524,0
1695594496.274318,0
1695594496.378405,0
1695594496.482418,0
1695594496.586865,0
1695594496.691365,0
1695594496.795692,0
1695594496.899951,0
1695594497.004246,0
1695594497.108623,0
1695594497.212946,0
1695594497.317383,0
1695594497.422260,0
1695594497.526707,0
1695594497.630936,0
1695594497.735779,0
1695594497.840435,0
1695594497.944666,0
1695594498.048994,0
1695594498.153314,0
1695594498.257297,0
1695594498.361297,0
1695594498.465546,0
1695594498.569670,0
1695594498.673966,0
1695594498.778111,0
1695594498.882359,0
1695594498.986216,0
1695594499.090663,0
1695594499.194549,0
1695594499.298616,0
1695594499.402571,0
1695594499.506503,0
1695594499.610297,0
1695594499.714060,0
1695594499.818301,0
1695594499.922578,0
1695594500.027078,0
1695594500.131377,0
1695594500.235251,3
1695594500.339377,0
1695594500.443215,0
1695594500.547387,0
1695594500.651317,0
1695594500.755202,0
1695594500.859407,0
1695594500.963405,0
1695594501.067595,0
1695594501.171599,0
1695594501.275419,0
1695594501.379199,0
1695594501.483384,0
1695594501.587352,0
1695594501.691323,0
1695594501.795358,0
1695594501.899135,0
1695594502.003414,0
1695594502.107722,0
1695594502.211971,0
1695594502.316432,0
1695594502.420934,0
1695594502.525224,0
1695594502.629317,0
1695594502.733484,0
1695594502.837893,0
1695594502.942111,0
1695594503.046124,0
1695594503.150094,0
1695594503.254192,0
1695594503.358065,1
1695594503.462433,0
1695594503.567059,0
1695594503.671273,0
1695594503.775391,0
1695594503.879199,0
1695594503.983237,0
1695594504.087385,0
1695594504.191422,0
1695594504.295576,0
1695594504.399236,0
1695594504.503395,0
1695594504.607121,0
1695594504.711288,0
1695594504.815258,0
1695594504.919642,0
1695594505.023346,0
1695594505.127582,0
1695594505.231394,0
1695594505.335020,0
1695594505.438883,0
1695594505.542658,0
1695594505.646868,0
1695594505.750491,0
1695594505.854211,0
1695594505.958403,0
1695594506.062489,0
1695594506.167015,0
1695594506.271244,0
1695594506.380055,0
1695594506.484235,0
1695594506.588623,0
1695594506.693264,0
1695594506.797580,0
1695594506.901932,0
1695594507.006055,0
1695594507.110073,0
1695594507.214066,0
1695594507.318077,0
1695594507.422091,0
1695594507.526255,0
1695594507.630217,0
1695594507.734080,0
1695594507.838118,0
1695594507.941890,0
1695594508.046055,0
1695594508.150136,0
1695594508.254188,0
1695594508.358047,0
1695594508.462082,0
1695594508.566085,0
1695594508.670195,0
1695594508.774111,0
1695594508.878086,0
1695594508.982082,0
1695594509.086079,0
1695594509.190173,0
1695594509.294083,0
1695594509.398098,0
1695594509.502258,0
1695594509.606224,0
1695594509.710573,0
1695594509.814587,0
1695594509.919112,0
1695594510.023349,0
1695594510.127448,0
1695594510.231808,0
1695594510.336211,0
1695594510.440448,0
1695594510.544819,0
1695594510.649178,0
1695594510.753579,0
1695594510.857723,0
1695594510.962103,0
1695594511.066150,0
1695594511.170577,0
1695594511.274166,0
1695594511.378083,0
1695594511.482302,0
1695594511.586199,0
1695594511.690204,0
1695594511.794117,0
1695594511.898103,0
1695594512.002108,0
1695594512.106235,0
1695594512.210208,0
1695594512.314097,0
1695594512.418521,0
1695594512.522412,0
1695594512.626201,4
1695594512.729990,0
1695594512.834117,0
1695594512.938094,0
1695594513.042082,0
1695594513.145645,0
1695594513.249862,0
1695594513.353929,0
1695594513.458152,0
1695594513.562094,0
1695594513.666426,0
1695594513.771101,0
1695594513.875713,0
1695594513.980309,0
1695594514.084738,0
1695594514.188950,0
1695594514.293172,0
1695594514.397310,0
1695594514.501566,0
1695594514.606051,0
1695594514.710238,0
1695594514.814103,0
1695594514.918602,0
1695594515.022427,0
1695594515.126381,0
1695594515.230182,0
1695594515.334118,0
1695594515.438056,0
1695594515.542213,0
1695594515.646126,0
1695594515.749894,2
1695594515.854172,0
1695594515.958093,0
1695594516.062105,0
1695594516.166161,0
1695594516.270191,0
1695594516.374144,0
1695594516.478831,0
1695594516.583199,0
1695594516.686925,0
1695594516.790900,0
1695594516.895048,0
1695594516.999127,0
1695594517.103399,0
1695594517.207495,0
1695594517.311494,0
1695594517.415942,0
1695594517.520572,0
1695594517.624572,0
1695594517.729253,0
1695594517.833555,0
1695594517.937877,0
1695594518.042740,0
1695594518.148120,0
1695594518.253169,0
1695594518.357892,0
1695594518.462971,0
1695594518.567819,0
1695594518.673154,0
1695594518.782999,0
1695594518.887329,0
1695594518.991822,0
1695594519.096285,0
1695594519.200500,0
1695594519.305027,0
1695594519.409306,0
1695594519.513880,0
1695594519.618431,0
1695594519.723244,0
1695594519.827742,0
1695594519.932032,0
1695594520.036558,0
1695594520.141226,0
1695594520.245492,0
1695594520.349517,0
1695594520.453526,0
1695594520.557853,0
1695594520.661952,0
1695594520.766171,0
1695594520.870113,0
1695594520.974070,0
1695594521.078297,0
1695594521.182057,0
1695594521.286122,0
1695594521.390195,0
1695594521.494096,0
1695594521.598082,0
1695594521.703369,0
1695594521.809658,0
1695594521.914413,0
1695594522.020453,0
1695594522.126364,0
1695594522.231378,0
1695594522.336514,0
1695594522.441262,0
1695594522.545814,0
1695594522.649757,0
1695594522.754076,0
1695594522.858077,0
1695594522.962038,0
1695594523.066001,0
1695594523.170270,0
1695594523.274189,0
1695594523.378236,0
1695594523.482141,0
1695594523.586075,0
1695594523.689899,0
1695594523.793993,0
1695594523.898090,0
1695594524.002178,0
1695594524.106119,0
1695594524.209921,0
1695594524.314116,0
1695594524.418313,0
1695594524.522192,0
1695594524.626864,0
1695594524.730918,0
1695594524.835410,0
1695594524.939550,0
1695594525.043309,3
1695594525.147517,0
1695594525.251680,0
1695594525.355933,0
1695594525.460302,0
1695594525.564711,0
1695594525.669311,0
1695594525.773756,0
1695594525.878148,0
1695594525.982691,0
1695594526.086683,0
1695594526.190493,0
1695594526.294510,0
1695594526.398533,0
1695594526.502753,0
1695594526.607306,0
1695594526.711609,0
1695594526.815793,0
1695594526.920497,0
1695594527.024453,0
1695594527.129009,0
1695594527.233507,0
1695594527.337938,0
1695594527.441903,0
1695594527.545892,0
1695594527.650434,0
1695594527.754329,0
1695594527.858646,0
1695594527.963303,0
1695594528.068678,0
1695594528.172958,1
1695594528.277293,0
1695594528.382697,0
1695594528.486327,0
1695594528.590839,0
1695594528.695062,0
1695594528.798699,0
1695594528.903096,0
1695594529.007618,0
1695594529.111886,0
1695594529.216007,0
1695594529.320239,0
1695594529.424832,0
1695594529.529285,0
1695594529.633653,0
1695594529.737924,0
1695594529.842224,0
1695594529.946517,0
1695594530.051869,0
1695594530.157369,0
1695594530.261681,0
1695594530.365967,0
1695594530.470086,0
1695594530.574188,0
1695594530.678056,0
1695594530.782090,0
1695594530.886175,0
1695594530.990154,0
1695594531.094175,0
1695594531.197710,0
1695594531.302103,0
1695594531.406256,0
1695594531.510563,0
1695594531.614472,0
1695594531.718329,0
1695594531.822105,0
1695594531.926196,0
1695594532.030080,0
1695594532.134303,0
1695594532.238772,0
1695594532.343681,0
1695594532.448412,0
1695594532.553056,0
1695594532.657646,0
1695594532.762138,0
1695594532.866277,0
1695594532.970785,0
1695594533.074152,0
1695594533.178415,0
1695594533.282331,0
1695594533.386771,0
1695594533.491071,0
1695594533.595865,0
1695594533.700604,0
1695594533.805185,0
1695594533.909752,0
1695594534.014124,0
1695594534.118168,0
1695594534.222178,0
1695594534.326041,7
1695594534.430088,0
1695594534.534161,0
1695594534.638453,0
1695594534.742590,0
1695594534.846894,0
1695594534.950888,0
1695594535.056278,0
1695594535.160974,0
1695594535.266313,0
1695594535.371175,0
1695594535.475433,0
1695594535.579544,0
1695594535.683996,0
1695594535.788643,0
1695594535.893319,0
1695594535.998376,0
1695594536.102692,0
1695594536.207139,0
1695594536.311181,0
1695594536.415699,0
1695594536.519757,0
1695594536.624753,0
1695594536.729597,0
1695594536.834105,0
1695594536.938444,0
1695594537.042959,0
1695594537.147630,0
1695594537.252091,0
1695594537.357089,0
1695594537.461747,2
1695594537.566475,0
1695594537.671431,0
1695594537.776666,0
1695594537.882815,0
1695594537.988108,0
1695594538.093393,0
1695594538.198434,0
1695594538.303441,0
1695594538.407859,0
1695594538.512913,0
1695594538.617995,0
1695594538.723060,0
1695594538.828312,0
1695594538.933893,0
1695594539.039020,0
1695594539.144271,0
1695594539.249324,0
1695594539.354332,0
1695594539.459181,0
1695594539.564345,0
1695594539.669441,0
1695594539.774687,0
1695594539.879701,0
1695594539.984873,0
1695594540.090267,0
1695594540.195403,0
1695594540.300357,0
1695594540.405931,0
1695594540.511897,1
1695594540.617086,0
1695594540.722156,0
1695594540.827539,0
1695594540.933092,0
1695594541.038165,0
1695594541.142932,0
1695594541.248396,0
1695594541.353555,0
1695594541.458447,0
1695594541.563146,0
1695594541.668456,0
1695594541.774163,0
1695594541.878897,0
1695594541.984185,0
1695594542.089379,0
1695594542.194613,0
1695594542.299451,0
1695594542.404949,0
1695594542.510348,0
1695594542.615348,0
1695594542.719875,0
1695594542.825386,0
1695594542.930748,0
1695594543.036235,0
1695594543.141352,0
1695594543.246761,0
1695594543.352149,0
1695594543.457388,0
1695594543.562753,0
1695594543.668168,2
1695594543.773461,0
1695594543.878557,0
1695594543.983020,0
1695594544.087835,0
1695594544.193191,0
1695594544.298467,0
1695594544.403115,0
1695594544.507871,0
1695594544.612639,0
1695594544.717688,0
1695594544.823121,0
1695594544.929099,0
1695594545.034382,0
1695594545.139548,0
1695594545.245245,0
1695594545.349962,0
1695594545.454639,0
1695594545.559402,0
1695594545.664921,0
1695594545.770430,0
1695594545.875013,0
1695594545.980440,0
1695594546.085690,0
1695594546.190932,0
1695594546.296224,0
1695594546.401021,0
1695594546.506326,0
1695594546.611662,0
1695594546.716297,0
1695594546.821513,0
1695594546.926050,0
1695594547.030914,0
1695594547.135926,0
1695594547.241717,0
1695594547.346356,0
1695594547.451578,0
1695594547.556277,0
1695594547.661738,0
1695594547.767084,0
1695594547.871615,0
1695594547.975674,0
1695594548.079538,0
1695594548.183672,0
1695594548.288293,0
1695594548.392933,0
1695594548.498255,0
1695594548.603448,0
1695594548.709902,0
1695594548.815493,0
1695594548.920913,0
1695594549.025786,0
1695594549.130244,0
1695594549.234381,0
1695594549.340405,0
1695594549.446090,0
1695594549.551119,0
1695594549.656417,0
1695594549.761636,0
1695594549.866295,3
1695594549.970904,0
1695594550.076011,0
1695594550.181364,0
1695594550.286499,0
1695594550.391325,0
1695594550.496397,0
1695594550.601946,0
1695594550.706519,0
1695594550.811090,0
1695594550.915207,0
1695594551.019788,0
1695594551.124371,0
1695594551.228650,0
1695594551.333601,0
1695594551.438172,0
1695594551.542815,0
1695594551.647933,0
1695594551.752839,0
1695594551.857708,0
1695594551.962145,0
1695594552.066378,0
1695594552.171053,0
1695594552.274994,0
1695594552.379325,0
1695594552.483521,0
1695594552.587552,0
1695594552.691475,0
1695594552.795878,0
1695594552.908301,0
1695594553.013753,0
1695594553.118468,0
1695594553.223001,0
1695594553.327419,0
1695594553.431818,0
1695594553.535960,0
1695594553.640294,0
1695594553.744741,0
1695594553.849202,0
1695594553.953774,0
1695594554.058339,0
1695594554.162711,0
1695594554.266733,0
1695594554.370851,0
1695594554.474796,0
1695594554.578620,0
1695594554.682415,0
1695594554.786569,0
1695594554.890076,0
1695594554.994086,0
1695594555.098302,0
1695594555.202144,0
1695594555.306071,0
1695594555.410195,0
1695594555.514074,0
1695594555.618017,0
1695594555.721961,0
1695594555.825999,0
1695594555.930062,0
1695594556.033898,0
1695594556.137811,0
1695594556.241912,0
1695594556.346058,0
1695594556.450102,0
1695594556.554123,0
1695594556.658234,0
1695594556.762123,0
1695594556.866110,0
1695594556.970093,0
1695594557.074095,0
1695594557.178210,0
1695594557.282103,0
1695594557.385949,0
1695594557.490255,0
1695594557.594108,0
1695594557.698181,0
1695594557.802080,0
1695594557.906081,0
1695594558.010078,0
1695594558.114094,0
1695594558.218071,0
1695594558.322091,0
1695594558.426326,0
1695594558.530183,0
1695594558.634481,0
1695594558.738138,0
1695594558.842104,0
1695594558.946507,0
1695594559.050504,0
1695594559.153930,4
1695594559.257979,0
1695594559.362017,0
1695594559.466223,0
1695594559.570098,0
1695594559.674064,0
1695594559.778162,0
1695594559.882107,0
1695594559.986079,0
1695594560.090085,0
1695594560.194079,0
1695594560.298087,0
1695594560.402108,0
1695594560.506254,0
1695594560.610137,0
1695594560.714101,0
1695594560.818011,0
1695594560.922076,0
1695594561.025996,0
1695594561.129655,0
1695594561.233751,0
1695594561.337819,0
1695594561.442192,0
1695594561.546178,0
1695594561.650088,0
1695594561.754094,0
1695594561.858101,0
1695594561.962225,0
1695594562.066154,0
1695594562.170483,0
1695594562.274257,3
1695594562.378083,0
1695594562.482374,0
1695594562.586363,0
1695594562.690767,0
1695594562.794798,0
1695594562.899143,0
1695594563.003680,0
1695594563.108196,0
1695594563.212599,0
1695594563.317219,0
1695594563.421592,0
1695594563.525562,0
1695594563.629648,0
1695594563.733948,0
1695594563.848588,0
1695594563.953684,0
1695594564.058183,0
1695594564.162463,0
1695594564.266550,0
1695594564.371044,0
1695594564.475487,0
1695594564.579466,0
1695594564.683622,0
1695594564.787606,0
1695594564.891803,0
1695594564.996038,0
1695594565.100445,0
1695594565.204896,0
1695594565.311285,0
1695594565.415529,0
1695594565.519530,0
1695594565.623699,0
1695594565.728216,0
1695594565.832688,0
1695594565.937375,0
1695594566.041603,0
1695594566.145833,0
1695594566.250074,0
1695594566.354143,0
1695594566.458324,0
1695594566.562095,0
1695594566.666392,0
1695594566.770593,0
1695594566.875593,0
1695594566.979850,0
1695594567.084802,0
1695594567.189297,0
1695594567.294030,0
1695594567.398536,0
1695594567.502617,0
1695594567.607380,0
1695594567.711605,0
1695594567.816090,0
1695594567.920831,0
1695594568.025254,0
1695594568.129308,0
1695594568.233851,0
1695594568.338070,0
1695594568.443543,0
1695594568.547414,0
1695594568.651343,0
1695594568.755658,0
1695594568.860100,0
1695594568.964474,0
1695594569.069254,0
1695594569.173293,0
1695594569.277515,0
1695594569.382341,0
1695594569.486854,0
1695594569.591084,0
1695594569.695636,0
1695594569.799827,0
1695594569.904201,0
1695594570.008799,0
1695594570.113414,0
1695594570.217901,0
1695594570.322111,0
1695594570.426474,0
1695594570.530775,0
1695594570.635152,0
1695594570.739430,0
1695594570.843580,0
1695594570.947915,0
1695594571.052447,0
1695594571.157244,0
1695594571.261571,0
1695594571.366099,0
1695594571.470097,0
1695594571.573936,3
1695594571.678121,0
1695594571.782326,0
1695594571.886764,0
1695594571.990679,0
1695594572.094624,0
1695594572.198543,0
1695594572.302683,0
1695594572.407586,0
1695594572.512096,0
1695594572.616703,0
1695594572.721061,0
1695594572.824924,0
1695594572.929251,0
1695594573.033953,0
1695594573.138280,0
1695594573.242418,0
1695594573.346800,0
1695594573.451029,0
1695594573.554635,0
1695594573.658539,0
1695594573.762674,0
1695594573.866600,0
1695594573.970569,0
1695594574.074150,0
1695594574.178731,0
1695594574.282753,0
1695594574.386587,0
1695594574.490565,0
1695594574.594941,0
1695594574.699146,1
1695594574.805486,0
1695594574.910153,0
1695594575.014591,0
1695594575.119047,0
1695594575.223243,0
1695594575.327966,0
1695594575.432730,0
1695594575.537310,0
1695594575.641722,0
1695594575.746075,0
1695594575.850387,0
1695594575.954351,0
1695594576.058713,0
1695594576.162866,0
1695594576.267483,0
1695594576.371821,0
1695594576.476461,0
1695594576.580756,0
1695594576.685296,0
1695594576.789728,0
1695594576.894075,0
1695594576.998362,0
1695594577.102858,0
1695594577.207513,0
1695594577.311727,0
1695594577.416190,0
1695594577.520719,0
1695594577.624724,0
1695594577.728586,1
1695594577.833020,0
1695594577.937196,0
1695594578.041648,0
1695594578.146096,0
1695594578.250563,0
1695594578.354646,0
1695594578.459340,0
1695594578.563879,0
1695594578.668464,0
1695594578.772908,0
1695594578.877297,0
1695594578.981426,0
1695594579.086116,0
1695594579.190324,0
1695594579.294394,0
1695594579.398797,0
1695594579.503223,0
1695594579.607298,0
1695594579.711451,0
1695594579.815672,0
1695594579.920217,0
1695594580.024253,0
1695594580.128947,0
1695594580.233552,0
1695594580.337390,0
1695594580.441743,0
1695594580.546101,0
1695594580.650185,0
1695594580.754197,0
1695594580.858388,4
1695594580.962553,0
1695594581.066543,0
1695594581.170601,0
1695594581.274173,0
1695594581.378592,0
1695594581.482658,0
1695594581.586556,0
1695594581.690692,0
1695594581.794576,0
1695594581.898748,0
1695594582.003119,0
1695594582.107238,0
1695594582.211303,0
1695594582.315599,0
1695594582.419704,0
1695594582.524167,0
1695594582.628836,0
1695594582.733373,0
1695594582.837939,0
1695594582.942277,0
1695594583.046767,0
1695594583.150808,0
1695594583.254445,0
1695594583.358625,0
1695594583.462922,0
1695594583.567442,0
1695594583.672085,0
1695594583.776621,0
1695594583.881030,0
1695594583.985160,1
1695594584.089294,0
1695594584.194211,0
1695594584.298385,0
1695594584.402712,0
1695594584.507415,0
1695594584.611494,0
1695594584.715831,0
1695594584.820341,0
1695594584.924550,0
1695594585.028716,0
1695594585.133212,0
1695594585.237653,0
1695594585.342043,0
1695594585.446088,0
1695594585.550142,0
1695594585.654089,0
1695594585.758256,0
1695594585.862093,0
1695594585.966189,0
1695594586.070109,0
1695594586.174306,0
1695594586.278404,0
1695594586.382246,0
1695594586.486224,0
1695594586.590160,0
1695594586.694480,0
1695594586.798351,0
1695594586.902595,0
1695594587.012530,0
1695594587.116590,0
1695594587.221091,0
1695594587.326109,0
1695594587.430145,0
1695594587.534674,0
1695594587.638923,0
1695594587.743176,0
1695594587.847104,0
1695594587.951388,0
1695594588.055489,0
1695594588.159833,0
1695594588.264336,0
1695594588.368833,0
1695594588.473171,0
1695594588.577374,0
1695594588.681919,0
1695594588.786107,0
1695594588.890487,0
1695594588.994398,0
1695594589.098669,0
1695594589.202597,0
1695594589.306772,0
1695594589.411301,0
1695594589.515678,0
1695594589.620128,0
1695594589.724144,0
1695594589.829016,0
1695594589.933356,0
1695594590.037860,0
1695594590.141749,0
1695594590.246221,0
1695594590.350318,0
1695594590.454325,0
1695594590.558804,0
1695594590.663001,0
1695594590.767392,0
1695594590.871886,0
1695594590.976302,0
1695594591.080788,0
1695594591.185576,0
1695594591.290028,0
1695594591.394105,0
1695594591.498181,0
1695594591.602414,0
1695594591.706582,0
1695594591.810826,0
1695594591.915301,0
1695594592.019643,0
1695594592.123346,0
1695594592.227676,0
1695594592.332251,0
1695594592.436884,0
1695594592.541778,0
1695594592.646384,0
1695594592.750532,0
1695594592.854389,0
1695594592.958774,0
1695594593.062985,0
1695594593.167588,0
1695594593.270329,3
1695594593.374780,0
1695594593.479238,0
1695594593.583769,0
1695594593.688172,0
1695594593.792636,0
1695594593.897340,0
1695594594.002129,0
1695594594.106664,0
1695594594.211032,0
1695594594.315110,0
1695594594.419543,0
1695594594.523982,0
1695594594.628428,0
1695594594.732618,0
1695594594.837084,0
1695594594.941747,0
1695594595.046277,0
1695594595.149895,0
1695594595.254416,0
1695594595.358623,0
1695594595.462586,0
1695594595.566845,0
1695594595.671472,0
1695594595.775505,0
1695594595.879277,0
1695594595.983443,0
1695594596.087580,0
1695594596.192275,0
1695594596.297027,0
1695594596.401694,1
1695594596.505891,0
1695594596.613759,0
1695594596.718249,0
1695594596.822708,0
1695594596.927035,0
1695594597.031592,0
1695594597.136966,0
1695594597.242010,0
1695594597.346126,0
1695594597.450403,0
1695594597.554552,0
1695594597.658819,0
1695594597.762956,0
1695594597.867728,0
1695594597.972429,0
1695594598.077327,0
1695594598.182046,0
1695594598.286332,0
1695594598.390527,0
1695594598.494771,0
1695594598.598933,0
1695594598.703533,0
1695594598.808805,0
1695594598.913797,0
1695594599.018280,0
1695594599.122886,0
1695594599.227247,0
1695594599.331573,0
1695594599.435782,1
1695594599.539958,0
1695594599.644375,0
1695594599.749198,0
1695594599.853785,0
1695594599.958327,0
1695594600.062900,0
1695594600.167449,0
1695594600.271676,0
1695594600.376497,0
1695594600.481101,0
1695594600.585517,0
1695594600.689829,0
1695594600.794327,0
1695594600.898922,0
1695594601.003529,0
1695594601.107702,0
1695594601.211896,0
1695594601.316583,0
1695594601.421210,0
1695594601.525778,0
1695594601.629907,0
1695594601.734087,0
1695594601.838328,0
1695594601.942219,0
1695594602.046351,0
1695594602.150894,0
1695594602.255440,0
1695594602.360291,0
1695594602.465010,0
1695594602.569420,4
1695594602.673913,0
1695594602.778353,0
1695594602.882464,0
1695594602.986826,0
1695594603.090824,0
1695594603.195352,0
1695594603.299386,0
1695594603.403743,0
1695594603.508397,0
1695594603.613070,0
1695594603.717724,0
1695594603.822376,0
1695594603.926549,0
1695594604.030843,0
1695594604.134975,0
1695594604.239254,0
1695594604.343480,0
1695594604.447372,0
1695594604.551854,0
1695594604.656677,0
1695594604.761386,0
1695594604.865571,0
1695594604.970031,0
1695594605.074034,0
1695594605.178079,0
1695594605.282783,0
1695594605.387101,0
1695594605.491582,0
1695594605.595648,0
1695594605.699779,1
1695594605.804293,0
1695594605.909043,0
1695594606.013815,0
1695594606.118318,0
1695594606.222081,0
1695594606.326236,0
1695594606.430399,0
1695594606.534593,0
1695594606.638841,0
1695594606.743309,0
1695594606.847795,0
1695594606.952511,0
1695594607.057187,0
1695594607.161535,0
1695594607.266198,0
1695594607.370110,0
1695594607.474223,0
1695594607.578663,0
1695594607.682747,0
1695594607.786777,0
1695594607.891007,0
1695594607.995227,0
1695594608.099478,0
1695594608.203902,0
1695594608.308452,0
1695594608.413248,0
1695594608.517460,0
1695594608.621863,0
1695594608.725418,0
1695594608.830070,1
1695594608.934136,0
1695594609.038389,0
1695594609.142868,0
1695594609.247388,0
1695594609.351846,0
1695594609.456639,0
1695594609.561377,0
1695594609.666053,0
1695594609.770076,0
1695594609.874114,0
1695594609.978183,0
1695594610.082313,0
1695594610.186315,0
1695594610.290761,0
1695594610.395114,0
1695594610.499423,0
1695594610.603574,0
1695594610.707792,0
1695594610.812138,0
1695594610.917508,0
1695594611.021578,0
1695594611.125721,0
1695594611.229271,0
1695594611.333790,0
1695594611.438082,0
1695594611.542597,0
1695594611.646611,0
1695594611.750271,0
1695594611.853952,0
1695594611.958057,0
1695594612.062393,0
1695594612.166597,0
1695594612.270575,0
1695594612.374138,0
1695594612.478694,0
1695594612.582603,0
1695594612.686536,0
1695594612.790565,0
1695594612.894721,0
1695594612.999165,0
1695594613.103381,0
1695594613.207324,0
1695594613.311319,0
1695594613.415363,0
1695594613.519614,0
1695594613.623500,0
1695594613.727823,0
1695594613.832513,0
1695594613.936918,0
1695594614.041586,0
1695594614.145844,0
1695594614.250071,0
1695594614.354133,0
1695594614.458075,0
1695594614.562265,0
1695594614.666609,0
1695594614.770866,0
1695594614.875253,0
1695594614.977722,3
1695594615.082084,0
1695594615.186089,0
1695594615.290791,0
1695594615.395302,0
1695594615.498793,0
1695594615.603170,0
1695594615.707576,0
1695594615.811581,0
1695594615.915903,0
1695594616.020270,0
1695594616.124676,0
1695594616.229117,0
1695594616.333293,0
1695594616.437325,0
1695594616.541626,0
1695594616.646093,0
1695594616.750079,0
1695594616.854853,0
1695594616.959355,0
1695594617.063518,0
1695594617.168054,0
1695594617.272542,0
1695594617.377411,0
1695594617.481567,0
1695594617.585595,0
1695594617.689967,0
1695594617.794571,0
1695594617.898662,0
1695594618.002554,0
1695594618.106513,1
1695594618.210541,0
1695594618.314537,0
1695594618.418639,0
1695594618.522765,0
1695594618.627038,0
1695594618.731384,0
1695594618.835255,0
1695594618.939427,0
1695594619.043251,0
1695594619.147670,0
1695594619.251678,0
1695594619.356144,0
1695594619.460681,0
1695594619.565211,0
1695594619.669800,0
1695594619.774115,0
1695594619.878109,0
1695594619.982786,0
1695594620.087083,0
1695594620.191404,0
1695594620.295845,0
1695594620.399635,0
1695594620.503431,0
1695594620.607571,0
1695594620.711780,0
1695594620.816390,0
1695594620.921245,0
1695594621.025294,0
1695594621.129265,0
1695594621.233289,0
1695594621.338013,0
1695594621.442519,0
1695594621.546772,0
1695594621.650531,0
1695594621.754469,0
1695594621.858613,0
1695594621.962662,0
1695594622.066607,0
1695594622.171033,0
1695594622.275129,0
1695594622.379360,0
1695594622.483366,0
1695594622.587637,0
1695594622.692238,0
1695594622.796683,0
1695594622.901181,0
1695594623.005260,0
1695594623.109902,0
1695594623.214000,0
1695594623.318075,0
1695594623.422173,0
1695594623.526445,0
1695594623.630776,0
1695594623.734884,0
1695594623.838887,0
1695594623.943227,0
1695594624.047047,0
1695594624.151374,0
1695594624.255414,0
1695594624.359371,0
1695594624.463543,0
1695594624.567541,0
1695594624.671457,0
1695594624.775402,0
1695594624.879195,0
1695594624.983111,0
1695594625.086971,0
1695594625.191272,0
1695594625.295040,0
1695594625.398982,0
1695594625.503170,0
1695594625.607436,0
1695594625.711591,0
1695594625.815648,0
1695594625.920282,0
1695594626.024146,0
1695594626.128409,0
1695594626.232781,0
1695594626.337294,0
1695594626.441295,0
1695594626.545652,0
1695594626.649847,0
1695594626.754034,0
1695594626.858703,0
1695594626.962620,0
1695594627.066513,0
1695594627.170298,0
1695594627.274179,0
1695594627.378192,4
1695594627.482019,0
1695594627.586105,0
1695594627.690179,0
1695594627.794307,0
1695594627.898121,0
1695594628.002278,0
1695594628.106435,0
1695594628.210576,0
1695594628.314718,0
1695594628.418657,0
1695594628.522842,0
1695594628.626913,0
1695594628.731199,0
1695594628.835880,0
1695594628.940018,0
1695594629.044567,0
1695594629.149161,0
1695594629.253592,0
1695594629.358103,0
1695594629.462087,0
1695594629.566172,0
1695594629.670658,0
1695594629.774179,0
1695594629.878673,0
1695594629.983222,0
1695594630.087345,0
1695594630.191417,0
1695594630.295916,0
1695594630.399956,0
1695594630.504228,1
1695594630.608976,0
1695594630.713311,0
1695594630.817759,0
1695594630.922108,0
1695594631.026159,0
1695594631.130089,0
1695594631.234242,0
1695594631.338641,0
1695594631.442774,0
1695594631.547245,0
1695594631.651289,0
1695594631.755550,0
1695594631.859623,0
1695594631.963784,0
1695594632.067831,0
1695594632.172046,0
1695594632.276420,0
1695594632.380805,0
1695594632.485309,0
1695594632.589470,0
1695594632.693513,0
1695594632.798059,0
1695594632.902108,0
1695594633.006492,0
1695594633.110534,0
1695594633.214612,0
1695594633.318644,0
1695594633.423179,0
1695594633.530548,0
1695594633.634767,0
1695594633.739243,0
1695594633.843578,0
1695594633.947375,0
1695594634.051759,0
1695594634.155773,0
1695594634.260489,0
1695594634.365040,0
1695594634.469303,0
1695594634.573762,0
1695594634.678039,0
1695594634.782169,0
1695594634.886085,0
1695594634.990238,0
1695594635.094225,0
1695594635.198699,0
1695594635.303186,0
1695594635.407438,0
1695594635.511799,0
1695594635.615748,0
1695594635.720253,0
1695594635.824717,0
1695594635.929305,0
1695594636.033731,0
1695594636.138104,0
1695594636.242086,0
1695594636.346181,0
1695594636.450081,0
1695594636.554207,0
1695594636.658011,0
1695594636.762076,0
1695594636.866072,0
1695594636.970261,0
1695594637.074141,0
1695594637.178094,0
1695594637.282325,0
1695594637.386210,0
1695594637.490690,0
1695594637.595056,0
1695594637.699319,0
1695594637.803290,0
1695594637.907290,0
1695594638.011565,0
1695594638.115535,0
1695594638.219564,0
1695594638.323658,0
1695594638.427967,0
1695594638.532572,0
1695594638.637001,0
1695594638.741210,0
1695594638.844905,0
1695594638.949230,0
1695594639.053668,0
1695594639.158111,0
1695594639.262254,0
1695594639.366306,0
1695594639.470539,0
1695594639.574212,0
1695594639.678317,0
1695594639.782058,3
1695594639.886168,0
1695594639.990551,0
1695594640.094739,0
1695594640.198696,0
1695594640.303097,0
1695594640.407339,0
1695594640.511793,0
1695594640.616139,0
1695594640.720748,0
1695594640.824597,0
1695594640.929100,0
1695594641.033777,0
1695594641.138106,0
1695594641.242081,0
1695594641.346206,0
1695594641.449765,0
1695594641.554091,0
1695594641.658085,0
1695594641.762248,0
1695594641.866084,0
1695594641.970166,0
1695594642.074159,0
1695594642.178093,0
1695594642.282528,0
1695594642.386560,0
1695594642.490860,0
1695594642.595419,0
1695594642.699167,0
1695594642.803413,0
1695594642.906894,1
1695594643.011186,0
1695594643.115627,0
1695594643.219559,0
1695594643.323352,0
1695594643.427565,0
1695594643.532046,0
1695594643.636439,0
1695594643.741211,0
1695594643.845307,0
1695594643.949743,0
1695594644.054356,0
1695594644.158335,0
1695594644.262302,0
1695594644.366205,0
1695594644.470161,0
1695594644.574335,0
1695594644.678672,0
1695594644.782459,0
1695594644.886717,0
1695594644.991229,0
1695594645.095482,0
1695594645.199727,0
1695594645.304133,0
1695594645.408886,0
1695594645.513630,0
1695594645.617808,0
1695594645.721554,0
1695594645.825643,0
1695594645.930848,0
1695594646.034760,0
1695594646.139231,0
1695594646.243378,0
1695594646.347498,0
1695594646.451840,0
1695594646.555709,0
1695594646.659875,0
1695594646.764160,0
1695594646.868634,0
1695594646.973128,0
1695594647.077408,0
1695594647.181656,0
1695594647.286060,0
1695594647.390093,0
1695594647.494094,0
1695594647.598092,0
1695594647.702407,0
1695594647.806586,0
1695594647.910567,0
1695594648.014666,0
1695594648.118595,0
1695594648.222702,0
1695594648.327264,0
1695594648.431300,0
1695594648.535569,0
1695594648.640053,0
1695594648.744448,0
1695594648.849066,0
1695594648.953400,0
1695594649.057331,0
1695594649.161845,0
1695594649.266107,0
1695594649.370207,0
1695594649.474189,0
1695594649.578592,0
1695594649.682405,0
1695594649.786425,0
1695594649.890318,0
1695594649.994579,0
1695594650.098700,0
1695594650.203313,0
1695594650.307572,0
1695594650.411884,0
1695594650.516368,0
1695594650.620805,0
1695594650.725017,0
1695594650.829308,0
1695594650.934053,0
1695594651.038066,0
1695594651.142100,0
1695594651.246102,0
1695594651.349646,0
1695594651.453829,0
1695594651.558096,0
1695594651.662028,0
1695594651.766269,0
1695594651.870265,0
1695594651.974052,0
1695594652.078083,0
1695594652.181798,3
1695594652.286105,0
1695594652.390221,0
1695594652.494116,0
1695594652.598600,0
1695594652.702763,0
1695594652.806969,0
1695594652.911188,0
1695594653.015418,0
1695594653.119477,0
1695594653.223704,0
1695594653.327866,0
1695594653.431886,0
1695594653.536645,0
1695594653.641308,0
1695594653.745346,0
1695594653.849183,0
1695594653.953842,0
1695594654.058179,0
1695594654.162163,0
1695594654.266183,0
1695594654.370122,0
1695594654.474145,0
1695594654.578289,0
1695594654.682806,0
1695594654.787226,0
1695594654.891537,0
1695594654.995926,0
1695594655.100096,0
1695594655.204472,0
1695594655.308657,1
1695594655.412948,0
1695594655.517274,0
1695594655.621816,0
1695594655.725940,0
1695594655.829752,0
1695594655.933506,0
1695594656.037456,0
1695594656.141294,0
1695594656.245340,0
1695594656.349308,0
1695594656.453835,0
1695594656.558002,0
1695594656.662047,0
1695594656.766311,0
1695594656.870112,0
1695594656.974282,0
1695594657.078404,0
1695594657.183055,0
1695594657.287356,0
1695594657.391705,0
1695594657.495722,0
1695594657.599180,0
1695594657.703405,0
1695594657.808069,0
1695594657.912957,0
1695594658.017297,0
1695594658.121752,0
1695594658.225826,0
1695594658.330483,0
1695594658.434300,0
1695594658.538344,0
1695594658.642704,0
1695594658.746404,0
1695594658.850755,0
1695594658.954115,0
1695594659.058612,0
1695594659.162943,0
1695594659.267472,0
1695594659.371744,0
1695594659.476614,0
1695594659.581047,0
1695594659.685643,0
1695594659.789643,0
1695594659.893928,0
1695594659.998850,0
1695594660.102922,0
1695594660.207434,0
1695594660.311707,0
1695594660.415961,0
1695594660.520038,0
1695594660.624239,0
1695594660.728811,0
1695594660.833327,0
1695594660.937870,0
1695594661.042199,0
1695594661.146397,0
1695594661.250068,0
1695594661.354142,0
1695594661.457993,0
1695594661.562094,0
1695594661.666104,0
1695594661.770206,0
1695594661.874142,0
1695594661.978319,0
1695594662.082067,0
1695594662.186393,0
1695594662.290733,0
1695594662.394600,0
1695594662.498792,0
1695594662.603243,0
1695594662.707638,0
1695594662.812116,0
1695594662.916590,0
1695594663.021211,0
1695594663.125291,0
1695594663.229308,0
1695594663.333296,0
1695594663.437572,0
1695594663.541852,0
1695594663.646103,0
1695594663.750282,0
1695594663.854218,0
1695594663.958561,0
1695594664.062667,0
1695594664.166690,0
1695594664.270708,0
1695594664.374161,0
1695594664.478206,0
1695594664.582556,3
1695594664.686613,0
1695594664.790778,0
1695594664.895334,0
1695594664.999497,0
1695594665.103674,0
1695594665.208405,0
1695594665.313212,0
1695594665.417312,0
1695594665.521766,0
1695594665.625985,0
1695594665.730072,0
1695594665.834265,0
1695594665.938446,0
1695594666.042513,0
1695594666.146568,0
1695594666.251110,0
1695594666.355390,0
1695594666.459396,0
1695594666.563724,0
1695594666.668232,0
1695594666.773162,0
1695594666.877167,0
1695594666.981743,0
1695594667.086238,0
1695594667.190088,0
1695594667.294074,0
1695594667.398090,0
1695594667.502871,0
1695594667.607479,0
1695594667.711595,1
1695594667.815688,0
1695594667.923766,0
1695594668.028244,0
1695594668.132542,0
1695594668.237103,0
1695594668.341590,0
1695594668.446083,0
1695594668.549741,0
1695594668.653852,0
1695594668.758034,0
1695594668.862106,0
1695594668.966243,0
1695594669.070201,0
1695594669.174057,0
1695594669.278195,0
1695594669.382194,0
1695594669.486081,0
1695594669.590189,0
1695594669.694587,0
1695594669.798611,0
1695594669.902598,0
1695594670.006789,0
1695594670.110734,0
1695594670.214620,0
1695594670.318575,0
1695594670.422754,0
1695594670.527332,0
1695594670.631430,0
1695594670.735404,0
1695594670.839316,1
1695594670.943643,0
1695594671.048271,0
1695594671.152815,0
1695594671.257626,0
1695594671.361835,0
1695594671.466085,0
1695594671.570128,0
1695594671.674178,0
1695594671.778286,0
1695594671.882505,0
1695594671.986460,0
1695594672.090600,0
1695594672.195133,0
1695594672.299211,0
1695594672.403415,0
1695594672.507687,0
1695594672.611856,0
1695594672.716092,0
1695594672.820693,0
1695594672.924854,0
1695594673.029310,0
1695594673.133827,0
1695594673.238072,0
1695594673.342131,0
1695594673.446321,0
1695594673.550741,0
1695594673.654781,0
1695594673.758846,0
1695594673.863348,0
1695594673.967154,0
1695594674.071425,0
1695594674.175436,0
1695594674.279367,0
1695594674.383423,0
1695594674.487331,0
1695594674.591632,0
1695594674.695978,0
1695594674.800480,0
1695594674.904731,0
1695594675.009237,0
1695594675.113476,0
1695594675.217633,0
1695594675.322004,0
1695594675.426299,0
1695594675.530118,0
1695594675.634101,0
1695594675.738081,0
1695594675.842097,0
1695594675.946615,0
1695594676.050606,0
1695594676.154204,0
1695594676.258084,0
1695594676.362155,0
1695594676.466076,0
1695594676.570234,0
1695594676.674324,0
1695594676.778245,0
1695594676.882761,0
1695594676.986554,3
1695594677.090476,0
1695594677.194677,0
1695594677.298727,0
1695594677.403070,0
1695594677.507360,0
1695594677.611342,0
1695594677.715600,0
1695594677.819547,0
1695594677.923350,0
1695594678.027399,0
1695594678.131617,0
1695594678.235662,0
1695594678.339504,0
1695594678.444021,0
1695594678.548499,0
1695594678.652730,0
1695594678.757282,0
1695594678.862108,0
1695594678.966230,0
1695594679.070106,0
1695594679.174057,0
1695594679.278096,0
1695594679.382153,0
1695594679.486190,0
1695594679.590531,0
1695594679.694607,0
1695594679.798602,0
1695594679.902521,0
1695594680.006378,0
1695594680.110543,1
1695594680.214710,0
1695594680.318623,0
1695594680.422674,0
1695594680.527152,0
1695594680.631326,0
1695594680.735606,0
1695594680.839537,0
1695594680.943987,0
1695594681.048287,0
1695594681.152257,0
1695594681.256776,0
1695594681.361304,0
1695594681.465483,0
1695594681.569656,0
1695594681.674047,0
1695594681.778088,0
1695594681.882231,0
1695594681.986157,0
1695594682.090153,0
1695594682.194249,0
1695594682.298101,0
1695594682.402076,0
1695594682.506084,0
1695594682.610416,0
1695594682.714574,0
1695594682.818673,0
1695594682.922692,0
1695594683.027368,0
1695594683.131113,0
1695594683.235356,0
1695594683.339355,0
1695594683.443586,0
1695594683.547641,0
1695594683.652321,0
1695594683.756764,0
1695594683.861704,0
1695594683.966081,0
1695594684.070317,0
1695594684.174153,0
1695594684.278119,0
1695594684.382315,0
1695594684.486244,0
1695594684.590742,0
1695594684.695095,0
1695594684.799245,0
1695594684.903580,0
1695594685.007636,0
1695594685.112129,0
1695594685.216672,0
1695594685.321214,0
1695594685.425661,0
1695594685.529738,0
1695594685.634092,0
1695594685.738113,0
1695594685.842235,0
1695594685.946905,0
1695594686.051558,0
1695594686.155404,0
1695594686.259382,0
1695594686.363874,0
1695594686.468368,0
1695594686.573011,0
1695594686.677298,0
1695594686.781640,0
1695594686.886289,0
1695594686.990376,0
1695594687.094573,0
1695594687.198181,0
1695594687.302184,0
1695594687.406083,0
1695594687.510520,0
1695594687.614608,0
1695594687.718663,0
1695594687.823164,0
1695594687.927400,0
1695594688.031593,0
1695594688.135536,0
1695594688.239608,0
1695594688.343467,0
1695594688.447517,0
1695594688.551804,0
1695594688.656299,0
1695594688.760515,0
1695594688.865115,0
1695594688.969237,0
1695594689.073319,0
1695594689.177482,0
1695594689.281932,0
1695594689.386038,3
1695594689.490061,0
1695594689.594084,0
1695594689.698169,0
1695594689.802589,0
1695594689.907532,0
1695594690.011538,0
1695594690.115624,0
1695594690.220009,0
1695594690.324172,0
1695594690.428836,0
1695594690.533261,0
1695594690.637525,0
1695594690.741484,0
1695594690.845682,0
1695594690.950146,0
1695594691.054306,0
1695594691.158217,0
1695594691.262691,0
1695594691.366830,0
1695594691.471148,0
1695594691.575466,0
1695594691.679202,0
1695594691.783263,0
1695594691.887378,0
1695594691.991612,0
1695594692.096016,0
1695594692.200618,0
1695594692.304665,0
1695594692.409263,0
1695594692.513631,1
1695594692.618105,0
1695594692.725493,0
1695594692.829936,0
1695594692.934233,0
1695594693.038336,0
1695594693.142347,0
1695594693.246489,0
1695594693.350068,0
1695594693.454353,0
1695594693.558078,0
1695594693.662202,0
1695594693.766333,0
1695594693.870082,0
1695594693.974064,0
1695594694.078084,0
1695594694.182088,0
1695594694.286087,0
1695594694.390174,0
1695594694.494091,0
1695594694.598089,0
1695594694.702123,0
1695594694.806886,0
1695594694.911207,0
1695594695.015482,0
1695594695.119308,0
1695594695.223307,0
1695594695.327972,0
1695594695.432485,0
1695594695.536676,0
1695594695.641042,1
1695594695.745312,0
1695594695.849318,0
1695594695.953601,0
1695594696.058025,0
1695594696.162202,0
1695594696.266697,0
1695594696.371550,0
1695594696.475633,0
1695594696.579861,0
1695594696.684346,0
1695594696.789083,0
1695594696.893725,0
1695594696.998322,0
1695594697.102695,0
1695594697.207454,0
1695594697.311647,0
1695594697.415704,0
1695594697.520239,0
1695594697.624745,0
1695594697.729232,0
1695594697.833326,0
1695594697.937780,0
1695594698.042059,0
1695594698.146094,0
1695594698.250081,0
1695594698.354262,0
1695594698.458224,0
1695594698.562201,0
1695594698.666381,1
1695594698.770421,0
1695594698.875505,0
1695594698.979200,0
1695594699.083573,0
1695594699.187747,0
1695594699.292388,0
1695594699.396825,0
1695594699.501160,0
1695594699.605247,0
1695594699.709731,0
1695594699.813889,0
1695594699.918651,0
1695594700.022843,0
1695594700.127017,0
1695594700.231405,0
1695594700.335536,0
1695594700.439331,0
1695594700.543511,0
1695594700.647750,0
1695594700.752170,0
1695594700.857024,0
1695594700.961306,0
1695594701.065495,0
1695594701.169505,0
1695594701.273960,0
1695594701.378236,0
1695594701.482348,0
1695594701.586080,0
1695594701.690035,0
1695594701.794326,3
1695594701.898630,0
1695594702.002104,0
1695594702.106300,0
1695594702.210229,0
1695594702.314291,0
1695594702.418425,0
1695594702.522913,0
1695594702.627337,0
1695594702.731417,0
1695594702.835548,0
1695594702.939723,0
1695594703.044117,0
1695594703.148536,0
1695594703.253031,0
1695594703.357929,0
1695594703.462261,0
1695594703.566590,0
1695594703.671297,0
1695594703.775269,0
1695594703.878911,0
1695594703.983365,0
1695594704.087777,0
1695594704.193120,0
1695594704.297567,0
1695594704.401753,0
1695594704.506253,0
1695594704.610835,0
1695594704.714839,0
1695594704.819117,0
1695594704.923031,0
1695594705.027504,0
1695594705.132236,0
1695594705.237195,0
1695594705.341290,0
1695594705.445657,0
1695594705.549642,0
1695594705.653705,0
1695594705.758027,0
1695594705.862082,0
1695594705.966322,0
1695594706.070533,0
1695594706.174336,0
1695594706.278846,0
1695594706.382768,0
1695594706.486606,0
1695594706.590577,0
1695594706.694558,0
1695594706.798888,0
1695594706.903319,0
1695594707.007739,0
1695594707.111645,0
1695594707.215812,0
1695594707.319875,0
1695594707.424033,0
1695594707.528400,0
1695594707.632678,0
1695594707.737057,0
1695594707.841296,0
1695594707.945538,1
1695594708.049717,0
1695594708.153940,0
1695594708.258458,0
1695594708.362866,0
1695594708.467378,0
1695594708.571500,0
1695594708.675673,0
1695594708.779871,0
1695594708.884579,0
1695594708.989072,0
1695594709.093538,0
1695594709.198233,0
1695594709.302887,0
1695594709.407523,0
1695594709.511672,0
1695594709.616156,0
1695594709.721017,0
1695594709.825911,0
1695594709.930065,0
1695594710.034271,0
1695594710.138336,0
1695594710.242758,0
1695594710.346591,0
1695594710.450911,0
1695594710.555201,0
1695594710.659560,0
1695594710.763819,0
1695594710.868712,0
1695594710.973564,0
1695594711.077718,4
1695594711.182200,0
1695594711.286282,0
1695594711.390516,0
1695594711.494500,0
1695594711.598345,0
1695594711.702580,0
1695594711.807094,0
1695594711.911464,0
1695594712.015748,0
1695594712.120323,0
1695594712.224853,0
1695594712.329340,0
1695594712.434193,0
1695594712.538078,0
1695594712.642174,0
1695594712.746492,0
1695594712.850574,0
1695594712.954427,0
1695594713.058654,0
1695594713.163009,0
1695594713.267473,0
1695594713.371637,0
1695594713.475630,0
1695594713.579400,0
1695594713.683420,0
1695594713.787686,0
1695594713.892113,0
1695594713.996528,0
1695594714.101029,0
1695594714.204862,2
1695594714.309290,0
1695594714.413566,0
1695594714.517847,0
1695594714.622124,0
1695594714.726379,0
1695594714.830340,0
1695594714.934731,0
1695594715.039348,0
1695594715.143361,0
1695594715.247363,0
1695594715.351509,0
1695594715.456128,0
1695594715.560696,0
1695594715.665247,0
1695594715.769585,0
1695594715.873724,0
1695594715.978243,0
1695594716.082774,0
1695594716.186767,0
1695594716.291248,0
1695594716.395451,0
1695594716.499378,0
1695594716.603415,0
1695594716.707465,0
1695594716.811716,0
1695594716.915421,0
1695594717.019818,0
1695594717.123964,0
1695594717.231222,0
1695594717.335297,0
1695594717.439301,0
1695594717.543594,0
1695594717.647673,0
1695594717.751805,0
1695594717.856132,0
1695594717.960477,0
1695594718.064803,0
1695594718.169288,0
1695594718.273342,0
1695594718.377725,0
1695594718.481981,0
1695594718.586347,0
1695594718.689940,0
1695594718.794096,0
1695594718.898093,0
1695594719.002282,0
1695594719.106503,0
1695594719.210885,0
1695594719.314788,0
1695594719.418736,0
1695594719.522834,0
1695594719.627024,0
1695594719.730679,0
1695594719.834749,0
1695594719.938640,0
1695594720.042696,0
1695594720.146800,0
1695594720.250876,0
1695594720.354328,0
1695594720.458069,0
1695594720.562094,0
1695594720.666344,0
1695594720.770290,0
1695594720.874927,0
1695594720.979356,0
1695594721.083637,0
1695594721.187755,0
1695594721.291859,0
1695594721.395986,0
1695594721.500588,0
1695594721.604694,0
1695594721.709210,0
1695594721.813566,0
1695594721.918189,0
1695594722.022173,0
1695594722.126356,0
1695594722.230381,0
1695594722.334203,0
1695594722.438124,0
1695594722.542558,0
1695594722.646735,0
1695594722.750704,0
1695594722.854499,0
1695594722.958435,0
1695594723.062686,0
1695594723.166834,0
1695594723.270943,0
1695594723.374849,0
